TIME, DACQ7.AIN0, DACQ7.AIN1, DACQ7.DIN Channel 0, DACQ7.DIN Channel 1, DACQ7.DIN Channel 2, DACQ7.DIN Channel 3, DACQ7.DIN Channel 4, DACQ7.DIN Channel 5, DACQ7.DIN Channel 6
22:08:15,0.412,0.084,0,1,1,1,0,1,0
22:08:15,0.432,0.076,1,0,1,1,0,1,0
22:08:15,0.452,0.072,0,0,1,1,0,1,0
22:08:16,0.476,0.068,1,1,0,1,0,1,0
22:08:16,0.5,0.068,0,1,0,1,0,1,0
22:08:16,0.52,0.04,1,0,0,1,0,1,0
22:08:16,0.572,0.04,1,1,1,0,0,1,0
22:08:15,0.412,0.084,0,1,1,1,0,1,0
22:08:15,0.432,0.076,1,0,1,1,0,1,0
22:08:15,0.452,0.072,0,0,1,1,0,1,0
22:08:16,0.476,0.068,1,1,0,1,0,1,0
22:08:16,0.5,0.068,0,1,0,1,0,1,0
22:08:16,0.52,0.04,1,0,0,1,0,1,0
22:08:16,0.572,0.04,1,1,1,0,0,1,0
22:08:15,0.412,0.084,0,1,1,1,0,1,0
22:08:15,0.432,0.076,1,0,1,1,0,1,0
22:08:15,0.452,0.072,0,0,1,1,0,1,0
22:08:16,0.476,0.068,1,1,0,1,0,1,0
22:08:16,0.5,0.068,0,1,0,1,0,1,0
22:08:16,0.52,0.04,1,0,0,1,0,1,0
22:08:16,0.572,0.04,1,1,1,0,0,1,0
22:08:15,0.412,0.084,0,1,1,1,0,1,0
22:08:15,0.432,0.076,1,0,1,1,0,1,0
22:08:15,0.452,0.072,0,0,1,1,0,1,0
22:08:16,0.476,0.068,1,1,0,1,0,1,0
22:08:16,0.5,0.068,0,1,0,1,0,1,0
22:08:16,0.52,0.04,1,0,0,1,0,1,0
22:08:16,0.572,0.04,1,1,1,0,0,1,0
22:08:15,0.412,0.084,0,1,1,1,0,1,0
22:08:15,0.432,0.076,1,0,1,1,0,1,0
22:08:15,0.452,0.072,0,0,1,1,0,1,0
22:08:16,0.476,0.068,1,1,0,1,0,1,0
22:08:16,0.5,0.068,0,1,0,1,0,1,0
22:08:16,0.52,0.04,1,0,0,1,0,1,0
22:08:16,0.572,0.04,1,1,1,0,0,1,0
22:08:15,0.412,0.084,0,1,1,1,0,1,0
22:08:15,0.432,0.076,1,0,1,1,0,1,0
22:08:15,0.452,0.072,0,0,1,1,0,1,0
22:08:16,0.476,0.068,1,1,0,1,0,1,0
22:08:16,0.5,0.068,0,1,0,1,0,1,0
22:08:16,0.52,0.04,1,0,0,1,0,1,0
22:08:16,0.572,0.04,1,1,1,0,0,1,0
22:08:15,0.412,0.084,0,1,1,1,0,1,0
22:08:15,0.432,0.076,1,0,1,1,0,1,0
22:08:15,0.452,0.072,0,0,1,1,0,1,0
22:08:16,0.476,0.068,1,1,0,1,0,1,0
22:08:16,0.5,0.068,0,1,0,1,0,1,0
22:08:16,0.52,0.04,1,0,0,1,0,1,0
22:08:16,0.572,0.04,1,1,1,0,0,1,0
22:08:15,0.412,0.084,0,1,1,1,0,1,0
22:08:15,0.432,0.076,1,0,1,1,0,1,0
22:08:15,0.452,0.072,0,0,1,1,0,1,0
22:08:16,0.476,0.068,1,1,0,1,0,1,0
22:08:16,0.5,0.068,0,1,0,1,0,1,0
22:08:16,0.52,0.04,1,0,0,1,0,1,0
22:08:16,0.572,0.04,1,1,1,0,0,1,0
22:08:15,0.412,0.084,0,1,1,1,0,1,0
22:08:15,0.432,0.076,1,0,1,1,0,1,0
22:08:15,0.452,0.072,0,0,1,1,0,1,0
22:08:16,0.476,0.068,1,1,0,1,0,1,0
22:08:16,0.5,0.068,0,1,0,1,0,1,0
22:08:16,0.52,0.04,1,0,0,1,0,1,0
22:08:16,0.572,0.04,1,1,1,0,0,1,0
22:08:15,0.412,0.084,0,1,1,1,0,1,0
22:08:15,0.432,0.076,1,0,1,1,0,1,0
22:08:15,0.452,0.072,0,0,1,1,0,1,0
22:08:16,0.476,0.068,1,1,0,1,0,1,0
22:08:16,0.5,0.068,0,1,0,1,0,1,0
22:08:16,0.52,0.04,1,0,0,1,0,1,0
22:08:16,0.572,0.04,1,1,1,0,0,1,0
22:08:15,0.412,0.084,0,1,1,1,0,1,0
22:08:15,0.432,0.076,1,0,1,1,0,1,0
22:08:15,0.452,0.072,0,0,1,1,0,1,0
22:08:16,0.476,0.068,1,1,0,1,0,1,0
22:08:16,0.5,0.068,0,1,0,1,0,1,0
22:08:16,0.52,0.04,1,0,0,1,0,1,0
22:08:16,0.572,0.04,1,1,1,0,0,1,0
22:08:15,0.412,0.084,0,1,1,1,0,1,0
22:08:15,0.432,0.076,1,0,1,1,0,1,0
22:08:15,0.452,0.072,0,0,1,1,0,1,0
22:08:16,0.476,0.068,1,1,0,1,0,1,0
22:08:16,0.5,0.068,0,1,0,1,0,1,0
22:08:16,0.52,0.04,1,0,0,1,0,1,0
22:08:16,0.572,0.04,1,1,1,0,0,1,0
